U = [ 0.6, 0.6, 0.6,]
S = [ 0.21568627450980393, 0.49411764705882355, 0.7215686274509804,]
A_r = [ 0.9686274509803922, 0.5058823529411764, 0.7490196078431373,]
B_r = [ 1.0, 0.4980392156862745, 0.0,]
"A&B" = [ 0.596078431372549, 0.3058823529411765, 0.6392156862745098,]
AB_r = [ 0.30196078431372547, 0.6862745098039216, 0.2901960784313726,]
Other = [ 0.6509803921568628, 0.33725490196078434, 0.1568627450980392,]
